1.000000E-09 2.759249E-23
1.168609E-09 3.396338E-23
1.365647E-09 4.180521E-23
1.595907E-09 5.145757E-23
1.864991E-09 6.333844E-23
2.179445E-09 7.796229E-23
2.546918E-09 9.596237E-23
2.976351E-09 1.181180E-22
3.478191E-09 1.453886E-22
4.064644E-09 1.789548E-22
4.749979E-09 2.202697E-22
5.550868E-09 2.711220E-22
6.486794E-09 3.337129E-22
7.580524E-09 4.107516E-22
8.858668E-09 5.055724E-22
1.035232E-08 6.222788E-22
1.209781E-08 7.659212E-22
1.413761E-08 9.427144E-22
1.652133E-08 1.160307E-21
1.930698E-08 1.428111E-21
2.256230E-08 1.757709E-21
2.636651E-08 2.163353E-21
3.081214E-08 2.662581E-21
3.600733E-08 3.276970E-21
4.207849E-08 4.033071E-21
4.917330E-08 4.963549E-21
5.746435E-08 6.108589E-21
6.715335E-08 7.517628E-21
7.847600E-08 9.251475E-21
9.170775E-08 1.138493E-20
1.071705E-07 1.400999E-20
1.252404E-07 1.723977E-20
1.463570E-07 2.121341E-20
1.710341E-07 2.610194E-20
1.998720E-07 3.211562E-20
2.335721E-07 3.951292E-20
2.729545E-07 4.861147E-20
3.189770E-07 5.980156E-20
3.727594E-07 7.356266E-20
4.356099E-07 9.048367E-20
5.090576E-07 1.112877E-19
5.948892E-07 1.368623E-19
6.951928E-07 1.682968E-19
8.124085E-07 2.069274E-19
9.493877E-07 2.543926E-19
1.109463E-06 3.127007E-19
1.296528E-06 3.843119E-19
1.515134E-06 4.722385E-19
1.770599E-06 5.801664E-19
2.069138E-06 7.126026E-19
2.418013E-06 8.750536E-19
2.825712E-06 1.074241E-18
3.302151E-06 1.318363E-18
3.858923E-06 1.617404E-18
4.509572E-06 1.983514E-18
5.269926E-06 2.431452E-18
6.158482E-06 2.979121E-18
7.196857E-06 3.648196E-18
8.410311E-06 4.464869E-18
9.828363E-06 5.460713E-18
1.148551E-05 6.673686E-18
1.342207E-05 8.149287E-18
1.568515E-05 9.941860E-18
1.832981E-05 1.211605E-17
2.142037E-05 1.474842E-17
2.503204E-05 1.792909E-17
2.925266E-05 2.176356E-17
3.418492E-05 2.637428E-17
3.994880E-05 3.190223E-17
4.668452E-05 3.850787E-17
5.455595E-05 4.637149E-17
6.375456E-05 5.569238E-17
7.450415E-05 6.668635E-17
8.706621E-05 7.958103E-17
1.017463E-04 9.460816E-17
1.189017E-04 1.119921E-16
1.389495E-04 1.319340E-16
1.623777E-04 1.545912E-16
1.897560E-04 1.800515E-16
2.217505E-04 2.083044E-16
2.591396E-04 2.392099E-16
3.028329E-04 2.724708E-16
3.538932E-04 3.076128E-16
4.135627E-04 3.439807E-16
4.832930E-04 3.807598E-16
5.647805E-04 4.170270E-16
6.600075E-04 4.518370E-16
7.712906E-04 4.843348E-16
9.013370E-04 5.138779E-16
1.053310E-03 5.401410E-16
1.230908E-03 5.631696E-16
1.438450E-03 5.833583E-16
1.680985E-03 6.013503E-16
1.964414E-03 6.178864E-16
2.295632E-03 6.336508E-16
2.682696E-03 6.491681E-16
3.135022E-03 6.647737E-16
3.663615E-03 6.806459E-16
4.281332E-03 6.968646E-16
5.003203E-03 7.134620E-16
5.846787E-03 7.304533E-16
6.832607E-03 7.478488E-16
7.984645E-03 7.656582E-16
9.330927E-03 7.838914E-16
1.090420E-02 8.025584E-16
1.274275E-02 8.216692E-16
1.489129E-02 8.412345E-16
1.740209E-02 8.612647E-16
2.033624E-02 8.817709E-16
2.376511E-02 9.027639E-16
2.777212E-02 9.242552E-16
3.245474E-02 9.462561E-16
3.792690E-02 9.687782E-16
4.432171E-02 9.918335E-16
5.179475E-02 1.015434E-15
6.052780E-02 1.039591E-15
7.073332E-02 1.064317E-15
8.265959E-02 1.089625E-15
9.659673E-02 1.115526E-15
1.128838E-01 1.142032E-15
1.319170E-01 1.169156E-15
1.541594E-01 1.196908E-15
1.801520E-01 1.225300E-15
2.105272E-01 1.254341E-15
2.460240E-01 1.284042E-15
2.875058E-01 1.314411E-15
3.359818E-01 1.345455E-15
3.926313E-01 1.377179E-15
4.588325E-01 1.409586E-15
5.361957E-01 1.442675E-15
6.266030E-01 1.476443E-15
7.322538E-01 1.510883E-15
8.557183E-01 1.545979E-15
1.000000E+00 1.581712E-15
1.168609E+00 1.618054E-15
1.365647E+00 1.654964E-15
1.595907E+00 1.692394E-15
1.864991E+00 1.730276E-15
2.179445E+00 1.768529E-15
2.546918E+00 1.807049E-15
2.976351E+00 1.845706E-15
3.478191E+00 1.884342E-15
4.064644E+00 1.922765E-15
4.749979E+00 1.960742E-15
5.550868E+00 1.997995E-15
6.486794E+00 2.034192E-15
7.580524E+00 2.068943E-15
8.858668E+00 2.101792E-15
1.035232E+01 2.132215E-15
1.209781E+01 2.159613E-15
1.413761E+01 2.183312E-15
1.652133E+01 2.202567E-15
1.930698E+01 2.216573E-15
2.256230E+01 2.224480E-15
2.636651E+01 2.225415E-15
3.081214E+01 2.218528E-15
3.600733E+01 2.203030E-15
4.207849E+01 2.178261E-15
4.917330E+01 2.143748E-15
5.746435E+01 2.099283E-15
6.715335E+01 2.044982E-15
7.847600E+01 1.981324E-15
9.170775E+01 1.909171E-15
1.071705E+02 1.829731E-15
1.252404E+02 1.744473E-15
1.463570E+02 1.654989E-15
1.710341E+02 1.562840E-15
1.998720E+02 1.469393E-15
2.335721E+02 1.375689E-15
2.729545E+02 1.282386E-15
3.189770E+02 1.189798E-15
3.727594E+02 1.097962E-15
4.356099E+02 1.006784E-15
5.090576E+02 9.161408E-16
5.948892E+02 8.260383E-16
6.951928E+02 7.366557E-16
8.124085E+02 6.483809E-16
9.493877E+02 5.619333E-16
1.109463E+03 4.783070E-16
1.296528E+03 3.987662E-16
1.515134E+03 3.247741E-16
1.770599E+03 2.579009E-16
2.069138E+03 1.996242E-16
2.418013E+03 1.510061E-16
2.825712E+03 1.126365E-16
3.302151E+03 8.444288E-17
3.858923E+03 6.550894E-17
4.509572E+03 5.436235E-17
5.269926E+03 4.915869E-17
6.158482E+03 4.809637E-17
7.196857E+03 4.950403E-17
8.410311E+03 5.227884E-17
9.828363E+03 5.577452E-17
1.148551E+04 5.964089E-17
1.342207E+04 6.367845E-17
1.568515E+04 6.791729E-17
1.832981E+04 7.232581E-17
2.142037E+04 7.691684E-17
2.503204E+04 8.160977E-17
2.925266E+04 8.651899E-17
3.418492E+04 9.163311E-17
3.994880E+04 9.690093E-17
4.668452E+04 1.023622E-16
5.455595E+04 1.080846E-16
6.375456E+04 1.139980E-16
7.450415E+04 1.201567E-16
8.706621E+04 1.265172E-16
1.017463E+05 1.331708E-16
1.189017E+05 1.400120E-16
1.389495E+05 1.470445E-16
1.623777E+05 1.544323E-16
1.897560E+05 1.620186E-16
2.217505E+05 1.698993E-16
2.591396E+05 1.780074E-16
3.028329E+05 1.865146E-16
3.538932E+05 1.952516E-16
4.135627E+05 2.042901E-16
4.832930E+05 2.136968E-16
5.647805E+05 2.234882E-16
6.600075E+05 2.334702E-16
7.712906E+05 2.438712E-16
9.013370E+05 2.545982E-16
1.053310E+06 2.657479E-16
1.230908E+06 2.771314E-16
1.438450E+06 2.889313E-16
1.680985E+06 3.011948E-16
1.964414E+06 3.137676E-16
2.295632E+06 3.268138E-16
2.682696E+06 3.403246E-16
3.135022E+06 3.542277E-16
3.663615E+06 3.684605E-16
4.281332E+06 3.831339E-16
5.003203E+06 3.982572E-16
5.846787E+06 4.136416E-16
6.832607E+06 4.293619E-16
7.984645E+06 4.458302E-16
9.330927E+06 4.627644E-16
1.090420E+07 4.798606E-16
1.274275E+07 4.972139E-16
1.489129E+07 5.149958E-16
1.740209E+07 5.329550E-16
2.033624E+07 5.510197E-16
2.376511E+07 5.693354E-16
2.777212E+07 5.882163E-16
3.245474E+07 6.071306E-16
3.792690E+07 6.258758E-16
4.432171E+07 6.443628E-16
5.179475E+07 6.626565E-16
6.052780E+07 6.803178E-16
7.073332E+07 6.974995E-16
8.265959E+07 7.145034E-16
9.659673E+07 7.308489E-16
1.128838E+08 7.463214E-16
1.319170E+08 7.606310E-16
1.541594E+08 7.736606E-16
1.801520E+08 7.856105E-16
2.105272E+08 7.960704E-16
2.460240E+08 8.044960E-16
2.875058E+08 8.121173E-16
3.359818E+08 8.183614E-16
3.926313E+08 8.229046E-16
4.588325E+08 8.261505E-16
5.361957E+08 8.280076E-16
6.266030E+08 8.290925E-16
7.322538E+08 8.287511E-16
8.557183E+08 8.267092E-16
1.000000E+09 8.240961E-16
1.168609E+09 8.205757E-16
1.365647E+09 8.157636E-16
1.595907E+09 8.097558E-16
1.864991E+09 8.025319E-16
2.179445E+09 7.940488E-16
2.546918E+09 7.835898E-16
2.976351E+09 7.721560E-16
3.478191E+09 7.595995E-16
4.064644E+09 7.449958E-16
4.749979E+09 7.297656E-16
5.550868E+09 7.133385E-16
6.486794E+09 6.954704E-16
7.580524E+09 6.755739E-16
8.858668E+09 6.549884E-16
1.035232E+10 6.330100E-16
1.209781E+10 6.092061E-16
1.413761E+10 5.847941E-16
1.652133E+10 5.592481E-16
1.930698E+10 5.327666E-16
2.256230E+10 5.041441E-16
2.636651E+10 4.756936E-16
3.081214E+10 4.458405E-16
3.600733E+10 4.146097E-16
4.207849E+10 3.838445E-16
4.917330E+10 3.524304E-16
5.746435E+10 3.211080E-16
6.715335E+10 2.888465E-16
7.847600E+10 2.577403E-16
9.170775E+10 2.266026E-16
1.071705E+11 1.960848E-16
1.252404E+11 1.676716E-16
1.463570E+11 1.403209E-16
1.710341E+11 1.151289E-16
1.998720E+11 9.222799E-17
2.335721E+11 7.295768E-17
2.729545E+11 5.620447E-17
3.189770E+11 4.191451E-17
3.727594E+11 3.030433E-17
4.356099E+11 2.053235E-17
5.090576E+11 1.284580E-17
5.948892E+11 6.924279E-18
6.951928E+11 2.747674E-18
8.124085E+11 3.530420E-19
9.493877E+11 0.000000E+00
1.109463E+12 0.000000E+00
1.296528E+12 0.000000E+00
1.515134E+12 0.000000E+00
1.770599E+12 0.000000E+00
2.069138E+12 0.000000E+00
2.418013E+12 0.000000E+00
2.825712E+12 0.000000E+00
3.302151E+12 0.000000E+00
3.858923E+12 0.000000E+00
4.509572E+12 0.000000E+00
5.269926E+12 0.000000E+00
6.158482E+12 0.000000E+00
7.196857E+12 0.000000E+00
8.410311E+12 0.000000E+00
9.828363E+12 0.000000E+00
1.148551E+13 0.000000E+00
1.342207E+13 0.000000E+00
1.568515E+13 0.000000E+00
1.832981E+13 0.000000E+00
2.142037E+13 0.000000E+00
2.503204E+13 0.000000E+00
2.925266E+13 0.000000E+00
3.418492E+13 0.000000E+00
3.994880E+13 0.000000E+00
4.668452E+13 0.000000E+00
5.455595E+13 0.000000E+00
6.375456E+13 0.000000E+00
7.450415E+13 0.000000E+00
8.706621E+13 0.000000E+00
1.017463E+14 0.000000E+00
1.189017E+14 0.000000E+00
1.389495E+14 0.000000E+00
1.623777E+14 0.000000E+00
1.897560E+14 0.000000E+00
2.217505E+14 0.000000E+00
2.591396E+14 0.000000E+00
3.028329E+14 0.000000E+00
3.538932E+14 0.000000E+00
4.135627E+14 0.000000E+00
4.832930E+14 0.000000E+00
5.647805E+14 0.000000E+00
6.600075E+14 0.000000E+00
7.712906E+14 0.000000E+00
9.013370E+14 0.000000E+00
1.053310E+15 0.000000E+00
1.230908E+15 0.000000E+00
1.438450E+15 0.000000E+00
1.680985E+15 0.000000E+00
1.964414E+15 0.000000E+00
2.295632E+15 0.000000E+00
2.682696E+15 0.000000E+00
3.135022E+15 0.000000E+00
3.663615E+15 0.000000E+00
4.281332E+15 0.000000E+00
5.003203E+15 0.000000E+00
5.846787E+15 0.000000E+00
6.832607E+15 0.000000E+00
7.984645E+15 0.000000E+00
9.330927E+15 0.000000E+00
1.090420E+16 0.000000E+00
1.274275E+16 0.000000E+00
1.489129E+16 0.000000E+00
1.740209E+16 0.000000E+00
2.033624E+16 0.000000E+00
2.376511E+16 0.000000E+00
2.777212E+16 0.000000E+00
3.245474E+16 0.000000E+00
3.792690E+16 0.000000E+00
4.432171E+16 0.000000E+00
5.179475E+16 0.000000E+00
6.052780E+16 0.000000E+00
7.073332E+16 0.000000E+00
8.265959E+16 0.000000E+00
9.659673E+16 0.000000E+00
1.128838E+17 0.000000E+00
1.319170E+17 0.000000E+00
1.541594E+17 0.000000E+00
1.801520E+17 0.000000E+00
2.105272E+17 0.000000E+00
2.460240E+17 0.000000E+00
2.875058E+17 0.000000E+00
3.359818E+17 0.000000E+00
3.926313E+17 0.000000E+00
4.588325E+17 0.000000E+00
5.361957E+17 0.000000E+00
6.266030E+17 0.000000E+00
7.322538E+17 0.000000E+00
8.557183E+17 0.000000E+00
1.000000E+18 0.000000E+00
