1.3630E13     0.0          3.8604E-13   0.0000E00     55226.57855535    55407.80990557 ; UPPER LIMIT
2.4980E13     0.0000E00    2.0985E-13   2.7626E-14    55226.57855535    55407.80990557
6.5170E13     0.0000E00    2.0806E-13   1.0260E-14    55226.57855535    55407.80990557
8.8170E13     0.0000E00    2.1559E-13   8.3921E-15    55226.57855535    55407.80990557
1.3630E13     0.0          4.1979E-13   0.0000E00     55226.57855535    55407.80990557 ; UPPER LIMIT
2.4980E13     0.0000E00    2.5675E-13   3.3565E-14    55226.57855535    55407.80990557
6.5170E13     0.0000E00    2.1409E-13   1.0557E-14    55226.57855535    55593.42070303
8.8170E13     0.0000E00    2.2081E-13   8.5955E-15    55226.57855535    55593.42070303
1.0000E11     0.0000E00    3.8634E-13   6.4108E-14    0.0   0.0
7.0400E10     0.0000E00    4.8193E-13   8.8620E-14    0.0   0.0
1.0000E11     0.0000E00    4.3699E-13   8.1805E-14    55055.5    55527.5
1.0000E11     0.0000E00    7.2382E-13   9.5368E-14    55055.5    55354.5
8.0000E09     0.0000E00    5.2400E-14   2.7200E-15 0.0   0.0
5.0000E09     0.0000E00    4.2850E-14   2.1500E-15 0.0   0.0
2.0000E10     0.0000E00    7.1000E-14   4.6000E-15 0.0   0.0
4.6880E14     0.0000E00    8.9373E-13   8.6225E-14 0.0   0.0
6.8180E14     0.0000E00    1.1863E-12   1.1445E-13 0.0   0.0
1.3570E13     0.0000E00    3.8542E-13   0.0000E00 0.0   0.0
2.5930E13     0.0000E00    2.1759E-13   2.8527E-14 0.0   0.0
6.5170E13     0.0000E00    2.0790E-13   9.7758E-15 0.0   0.0
8.9490E13     0.0000E00    2.1836E-13   8.0541E-15 0.0   0.0
1.2900E15     0.0000E00    2.4600E-13   0.0000E00 0.0   0.0
1.2900E15     0.0000E00    1.9800E-13   0.0000E00 0.0   0.0
7.1200E14     0.0000E00    8.9900E-13   0.0000E00 0.0   0.0
6.4100E14     0.0000E00    4.4000E-13   0.0000E00 0.0   0.0
5.5100E14     0.0000E00    6.8300E-13   0.0000E00 0.0   0.0
1.3800E14     0.0000E00    4.9200E-13   0.0000E00 0.0   0.0
1.9900E10     0.0000E00    7.0600E-14   0.0000E00 0.0   0.0
8.4000E09     0.0000E00    5.2900E-14   0.0000E00 0.0   0.0
8.0000E09     0.0000E00    5.2400E-14   0.0000E00 0.0   0.0
5.0000E09     0.0000E00    4.2900E-14   0.0000E00 0.0   0.0
5.0000E09     0.0000E00    4.6500E-14   0.0000E00 0.0   0.0
4.8500E09     0.0000E00    4.1000E-14   0.0000E00 0.0   0.0
2.7000E09     0.0000E00    2.7000E-14   0.0000E00 0.0   0.0
1.4000E09     0.0000E00    1.4200E-14   0.0000E00 0.0   0.0
6.1000E08     0.0000E00    6.4100E-15   0.0000E00 0.0   0.0
4.0800E08     0.0000E00    4.5700E-15   0.0000E00 0.0   0.0
4.0800E08     0.0000E00    4.5700E-15   0.0000E00 0.0   0.0
3.6500E08     0.0000E00    4.6300E-15   0.0000E00 0.0   0.0
7.3800E07     0.0000E00    8.7100E-16   0.0000E00 0.0   0.0
7.4000E07     0.0000E00    8.6728E-16   8.7320E-17    51910.5    54465.5
4.8500E09     0.0000E00    4.1031E-14   2.1825E-15    48043.5    48196.5
2.7000E09     0.0000E00    2.7000E-14   0.0000E00    40587.5    47892.5
1.4000E09     0.0000E00    1.4185E-14   4.9836E-16    49231.5    50508.5
5.0000E09     0.0000E00    4.6500E-14   0.0000E00 0.0   0.0
5.0000E09     0.0000E00    5.2500E-14   0.0000E00 0.0   0.0
2.7000E09     0.0000E00    2.7000E-14   0.0000E00 0.0   0.0
2.7000E09     0.0000E00    2.9700E-14   0.0000E00 0.0   0.0
8.4000E09     0.0000E00    5.0089E-14   0.0000E00 0.0   0.0
